[gd_scene load_steps=10 format=2]

[ext_resource path="res://playercontroller.gd" type="Script" id=1]
[ext_resource path="res://swordmat.tres" type="Material" id=2]

[sub_resource type="SphereMesh" id=1]

radius = 1.0
height = 2.0
radial_segments = 64
rings = 32
is_hemisphere = false

[sub_resource type="CapsuleMesh" id=2]

radius = 1.0
mid_height = 1.0
radial_segments = 64
rings = 8

[sub_resource type="SpatialMaterial" id=3]

flags_transparent = false
flags_unshaded = false
flags_vertex_lighting = false
flags_no_depth_test = false
flags_use_point_size = false
flags_world_triplanar = false
flags_fixed_size = false
vertex_color_use_as_albedo = false
vertex_color_is_srgb = false
params_diffuse_mode = 0
params_specular_mode = 0
params_blend_mode = 0
params_cull_mode = 0
params_depth_draw_mode = 0
params_line_width = 1.0
params_point_size = 1.0
params_billboard_mode = 0
params_grow = false
params_use_alpha_scissor = false
albedo_color = Color( 0, 0.273438, 1, 1 )
metallic = 0.0
metallic_specular = 0.15
metallic_texture_channel = 0
roughness = 0.72
roughness_texture_channel = 0
emission_enabled = false
normal_enabled = false
rim_enabled = false
clearcoat_enabled = false
anisotropy_enabled = false
ao_enabled = false
depth_enabled = false
subsurf_scatter_enabled = false
transmission_enabled = false
refraction_enabled = false
detail_enabled = false
uv1_scale = Vector3( 1, 1, 1 )
uv1_offset = Vector3( 0, 0, 0 )
uv1_triplanar = false
uv1_triplanar_sharpness = 1.0
uv2_scale = Vector3( 1, 1, 1 )
uv2_offset = Vector3( 0, 0, 0 )
uv2_triplanar = false
uv2_triplanar_sharpness = 1.0
_sections_unfolded = [ "Metallic", "Roughness" ]

[sub_resource type="CapsuleShape" id=4]

radius = 0.6524
height = 1.98549

[sub_resource type="CubeMesh" id=5]

material = ExtResource( 2 )
size = Vector3( 2, 2, 2 )
subdivide_width = 0
subdivide_height = 0
subdivide_depth = 0

[sub_resource type="Animation" id=6]

resource_name = "attack"
length = 0.2
loop = false
step = 0.01
tracks/0/type = "value"
tracks/0/path = NodePath("Sword:transform")
tracks/0/interp = 1
tracks/0/loop_wrap = true
tracks/0/imported = false
tracks/0/keys = {
"times": PoolRealArray( 0, 0.08, 0.12, 0.16, 0.2 ),
"transitions": PoolRealArray( 1, 1, 1, 1, 1 ),
"update": 0,
"values": [ Transform( -0.622913, 0.730168, 0.280773, -0.779506, -0.609597, -0.144088, 0.0659502, -0.308618, 0.948897, 1.05352, -0.44518, 0.568581 ), Transform( 0.52304, -0.020426, 0.852063, 0.00146647, -0.999689, -0.0248651, 0.852306, 0.014255, -0.522848, 1.43353, -0.445179, -0.698381 ), Transform( 0.999434, -0.0210485, 0.0262325, -0.020856, -0.999753, -0.00759148, 0.0263859, 0.00704008, -0.999627, -0.122076, -0.44518, -1.5814 ), Transform( 0.672095, 0.00236243, -0.740461, -0.00253116, -0.999981, -0.00548789, -0.74046, 0.00556261, -0.672077, -1.2778, -0.445179, -1.07995 ), Transform( -0.675305, -0.0374914, -0.736585, 0.411542, -0.847926, -0.334145, -0.612042, -0.528786, 0.588039, -1.44455, -0.44518, 0.0522727 ) ]
}

[sub_resource type="Animation" id=7]

resource_name = "idle"
length = 0.2
loop = false
step = 0.01
tracks/0/type = "value"
tracks/0/path = NodePath("Sword:transform")
tracks/0/interp = 1
tracks/0/loop_wrap = true
tracks/0/imported = false
tracks/0/keys = {
"times": PoolRealArray( 0 ),
"transitions": PoolRealArray( 1 ),
"update": 0,
"values": [ Transform( -0.622913, 0.730168, 0.280773, -0.779506, -0.609597, -0.144088, 0.0659502, -0.308618, 0.948897, 1.05352, -0.44518, 0.568581 ) ]
}

[node name="Player" type="KinematicBody"]

transform = Transform( 1, 0, 0, 0, 1, 0, 0, 0, 1, 0, 1.81893, 0 )
input_ray_pickable = true
input_capture_on_drag = false
collision_layer = 1
collision_mask = 1
collision/safe_margin = 0.001
script = ExtResource( 1 )
_sections_unfolded = [ "Transform" ]

[node name="MeshInstance2" type="MeshInstance" parent="."]

transform = Transform( 0.881674, 0, 0, 0, 0.881674, 0, 0, 0, 0.881674, 0, 1, -0.1 )
layers = 1
material_override = null
cast_shadow = 1
extra_cull_margin = 0.0
use_in_baked_light = false
lod_min_distance = 0.0
lod_min_hysteresis = 0.0
lod_max_distance = 0.0
lod_max_hysteresis = 0.0
mesh = SubResource( 1 )
skeleton = NodePath("..")
material/0 = null
_sections_unfolded = [ "Transform" ]

[node name="MeshInstance" type="MeshInstance" parent="."]

transform = Transform( 0.5, 0, 0, 0, -2.18557e-08, 0.8, 0, -0.5, -3.49691e-08, 0, -0.3, 0.108536 )
layers = 1
material_override = null
cast_shadow = 1
extra_cull_margin = 0.0
use_in_baked_light = false
lod_min_distance = 0.0
lod_min_hysteresis = 0.0
lod_max_distance = 0.0
lod_max_hysteresis = 0.0
mesh = SubResource( 2 )
skeleton = NodePath("..")
material/0 = SubResource( 3 )
_sections_unfolded = [ "Transform", "material" ]

[node name="CollisionShape" type="CollisionShape" parent="."]

transform = Transform( 1, 0, 0, 0, -4.37114e-08, 1, 0, -1, -4.37114e-08, 0, 0.175767, 0 )
shape = SubResource( 4 )
disabled = false
_sections_unfolded = [ "Transform", "Visibility" ]

[node name="CameraAxis" type="Spatial" parent="."]

[node name="CameraTarget" type="Spatial" parent="CameraAxis"]

transform = Transform( 1, 0, 0, 0, 1, 0, 0, 0, 1, 2, 3, 9 )
_sections_unfolded = [ "Transform" ]

[node name="Sword" type="Spatial" parent="."]

transform = Transform( -0.622913, 0.730168, 0.280773, -0.779506, -0.609597, -0.144088, 0.0659502, -0.308618, 0.948897, 1.05352, -0.44518, 0.568581 )
_sections_unfolded = [ "Transform", "Visibility" ]

[node name="MeshInstance" type="MeshInstance" parent="Sword"]

transform = Transform( 0.6, 0, 0, 0, 0.1, 0, 0, 0, 0.1, 0, 0, 0 )
layers = 1
material_override = null
cast_shadow = 1
extra_cull_margin = 0.0
use_in_baked_light = false
lod_min_distance = 0.0
lod_min_hysteresis = 0.0
lod_max_distance = 0.0
lod_max_hysteresis = 0.0
mesh = SubResource( 5 )
skeleton = NodePath("..")
material/0 = null
_sections_unfolded = [ "Transform" ]

[node name="MeshInstance3" type="MeshInstance" parent="Sword"]

transform = Transform( 0.08, 0, 0, 0, 0.08, 0, 0, 0, 0.5, 0, 0, -0.600482 )
layers = 1
material_override = null
cast_shadow = 1
extra_cull_margin = 0.0
use_in_baked_light = false
lod_min_distance = 0.0
lod_min_hysteresis = 0.0
lod_max_distance = 0.0
lod_max_hysteresis = 0.0
mesh = SubResource( 5 )
skeleton = NodePath("..")
material/0 = null
_sections_unfolded = [ "Transform" ]

[node name="MeshInstance2" type="MeshInstance" parent="Sword"]

transform = Transform( 0.5, 0, 0, 0, 0.05, 0, 0, 0, 1.5, 0, 0, 1.59539 )
layers = 1
material_override = null
cast_shadow = 1
extra_cull_margin = 0.0
use_in_baked_light = false
lod_min_distance = 0.0
lod_min_hysteresis = 0.0
lod_max_distance = 0.0
lod_max_hysteresis = 0.0
mesh = SubResource( 5 )
skeleton = NodePath("..")
material/0 = null
_sections_unfolded = [ "Transform" ]

[node name="OmniLight" type="OmniLight" parent="."]

layers = 1
light_color = Color( 1, 1, 1, 1 )
light_energy = 0.25
light_negative = false
light_specular = 0.5
light_cull_mask = -1
shadow_enabled = false
shadow_color = Color( 0, 0, 0, 1 )
shadow_bias = 0.15
shadow_contact = 0.0
shadow_reverse_cull_face = false
editor_only = false
omni_range = 13.7825
omni_attenuation = 1.0
omni_shadow_mode = 1
omni_shadow_detail = 1
_sections_unfolded = [ "Light" ]

[node name="AnimationPlayer" type="AnimationPlayer" parent="."]

playback_process_mode = 1
playback_default_blend_time = 0.0
root_node = NodePath("..")
anims/attack = SubResource( 6 )
anims/idle = SubResource( 7 )
playback/active = true
playback/speed = 1.0
blend_times = [  ]
autoplay = "idle"
_sections_unfolded = [ "Playback Options", "playback" ]


